11818
14244
535
3576
975
10777
10310
8420
8553
6961
14900
12406
1856
268
11255
3817
13302
7629
9099
14809
6566
4308
8491
16379
13915
13451
4663
10557
16149
11971
11610
6464
14862
11705
13277
12290
5226
15330
10593
14014
9314
2003
2397
5125
5851
992
9910
3575
12261
3638
16109
8704
552
11035
9182
3557
1667
6585
15388
86
1078
5469
4356
12438
9504
10882
15547
1141
2080
8312
5830
2675
9417
8050
8101
8213
12658
7755
14204
3812
1575
11883
11603
12792
11026
9212
6946
10959
10142
5355
4633
833
1161
5360
5049
15884
3386
6522
5599
6817
5278
4274
1276
13413
3289
6199
11216
16528
7551
4967
9145
7550
12851
15926
7681
5979
9015
13921
10472
1473
1479
1092
3636
3670
16232
11882
6441
11995
1111
12629
13307
4310
12673
2084
10861
10060
10273
759
16641
2919
4870
9039
14298
9088
11054
7140
3591
11372
10448
3222
5283
8355
7050
8801
9947
13949
15963
8484
16644
10674
1329
14231
1347
1220
9375
12008
14457
8776
3225
3893
383
4302
15857
6162
6796
3454
2147
15416
14476
14326
2596
11075
239
10827
11419
7825
9236
13077
10307
4862
9615
3496
12678
3215
2981
12188
10123
12959
3746
311
7920
3455
16067
5816
3525
2047
10509
16663
2798
4535
1699
14140
8111
6987
11791
8758
5103
10151
12856
5265
815
11513
4368
3644
10240
3077
15072
643
9120
11871
9854
9116
16242
15211
2105
6178
3420
8119
10247
14608
5502
12312
6049
4495
7452
2976
13334
12987
3037
12398
11305
8864
15343
7793
10366
9871
12066
9686
2244
6260
13154
10985
9393
9130
12595
14837
2446
5188
734
6834
13038
4727
5915
12825
13336
15883
13441
11969
8524
15113
9902
1705
10022
12030
6229
11438
14687
6921
9663
6629
12950
11850
5741
155
9525
2263
9220
14605
3166
10852
3418
14227
12001
14179
11369
9666
13113
520
2588
6974
8099
4840
2325
10542
6633
7174
8679
12226
9956
4191
16290
10184
14804
8434
13412
9178
14920
13525
3083
9677
10067
15312
10414
5975
11120
10612
1342
5328
12251
5411
6252
7061
9473
1335
9997
16342
5032
16376
4966
7241
7266
8455
10993
3
9999
7197
2300
6447
7519
7708
5078
10013
15974
4861
10540
13786
773
8023
306
11592
13345
286
14674
8901
334
10260
7956
3526
16417
10082
12568
8210
3216
6985
4430
12848
1067
7483
1420
6539
15069
2933
6203
5688
6604
6164
8561
6094
13894
5611
4833
978
5206
15062
12407
12002
13871
5726
3814
15212
475
15938
6172
1595
6140
3281
6864
7284
1522
15377
10759
14036
1489
12844
8609
5373
13223
10953
15718
67
13875
12085
6860
11671
15241
4539
16602
16618
1348
16694
13311
15471
8005
13943
4630
10025
4132
10300
6654
11586
11734
8086
13207
4277
1927
11988
506
8231
9826
8628
9515
8046
2715
9148
634
6754
14382
9516
15995
13298
12322
8698
13940
2632
766
5277
128
15658
13482
2087
7394
3028
15790
6808
5220
7226
14639
285
3706
4661
16416
6704
9451
4980
4687
15209
9357
2622
15058
1192
9368
7796
13983
9277
5287
13764
13165
9565
672
9907
9152
14916
6225
11514
6429
4204
11800
3224
7760
6130
15242
12954
11379
4651
14593
14186
6139
4761
7954
5020
1658
9267
14407
15410
8036
13477
13142
4973
8546
12430
12129
5709
8585
2868
2268
2375
14080
15257
9852
16214
4316
6512
14911
16044
9043
7881
3042
1824
15577
4311
11115
4320
9722
1865
9311
1931
3190
9596
4898
1254
10211
16353
7134
3474
10297
5793
3362
8261
9107
14460
11939
13112
9260
1789
4409
5130
16642
12600
12886
4445
5240
8153
10097
13740
4341
1
11748
16079
2392
13267
5881
11556
12069
13360
2758
11273
6723
6295
14754
7003
2855
917
1466
12138
896
14324
12160
3790
11189
6004
2177
8847
9153
14026
11965
9819
12728
11585
2642
8337
805
8151
8535
2421
7423
11638
8969
10442
11024
408
7315
13062
15033
8803
3026
11286
7745
10177
15451
12723
7340
15545
5613
3953
15367
10388
12639
7880
14629
12257
12626
806
6685
14235
4952
15154
5211
7372
6579
3773
15290
16659
10385
7185
2258
14824
7064
5330
2783
4401
8615
10924
3233
7213
322
14556
7161
15879
12208
7582
12801
13390
5748
7615
15755
12939
11157
2168
8957
13323
2956
9973
10554
14095
11723
681
14332
748
3931
16283
96
1840
7570
10984
4733
1152
1878
11777
7310
10792
8787
10590
13852
8737
1298
5941
6546
1816
13960
2550
13326
9341
5271
7774
1736
14417
12722
10571
2678
11497
7996
14236
12986
2820
15581
10305
11480
15107
6713
2108
1411
12473
6680
9200
13459
13181
4422
412
16486
3595
16127
9247
9785
14905
5897
1222
11346
11445
14776
14579
3136
16013
5205
4510
9420
12091
5878
11549
13536
7208
611
13093
13939
1484
10164
2666
14047
16390
5596
10662
15885
7505
8727
8009
2216
11071
754
3629
42
10391
431
11978
3827
9013
6801
10597
10174
9833
16298
12464
8989
9708
13590
9075
10644
15086
12794
2085
1569
5458
2317
9792
11079
4007
4540
964
4735
9998
12036
7142
5417
9018
5443
14928
2281
15554
12557
3287
4242
5718
10358
8870
1932
2148
5356
6902
12034
9435
6381
14512
5807
15961
13623
10907
2519
11271
15459
11651
8905
3811
11890
12255
16414
7788
7541
9360
7087
15423
14724
12113
1399
10394
11031
945
15814
466
14508
14692
11961
12701
8008
11103
15729
8435
2163
14675
5682
1882
2900
10922
15970
9394
16041
6160
1315
9436
14770
3758
12765
14516
14661
5898
12055
3213
15000
14027
12190
6315
9656
429
2615
3662
15310
14727
14369
1389
15188
381
15980
5094
4174
15660
6977
1079
6175
4033
4063
14053
9800
2393
6040
13385
16040
13271
14828
9219
6418
9974
10005
14158
4859
10523
16008
13772
14618
8914
14581
8530
2160
409
16701
16512
14529
11299
7385
1651
6093
35
4536
15931
462
10685
4280
1482
7104
10484
15232
7441
2668
2914
9888
2475
14704
11898
14765
1772
12652
3221
2867
13674
1930
15326
8461
4199
8174
4112
4985
7518
16626
7662
12171
6528
5640
11335
6454
10102
13507
8393
1860
5691
4042
1243
15760
6794
855
3602
14002
1054
4379
9567
1085
7354
2584
3528
7092
2384
14583
2752
261
13430
10000
16199
12051
2746
11040
9386
11337
6168
8084
6387
13240
173
5575
12852
9631
14785
14582
3709
14549
16557
6738
1060
7879
14517
5133
7254
10535
9402
930
14359
360
3740
16574
7948
892
6788
1119
81
2405
14365
7776
6123
6273
2661
8808
7228
13820
713
406
4830
7779
15518
2721
9905
7854
2184
13594
7379
14331
8569
6880
751
15411
2315
15630
6417
8216
14486
2751
16703
1249
6149
7831
3558
14030
3542
2083
15479
8349
4659
5339
3855
11803
15706
8807
7431
15435
15775
9671
9298
3550
2376
74
7124
6712
1030
16162
4298
14664
5861
11332
280
15866
116
6073
16106
12163
13182
788
14902
15227
4913
15454
4417
4658
8445
15620
1568
8658
10094
9229
1016
11167
7989
5884
11421
12156
16568
2788
1432
12227
3658
16588
1775
3439
9576
2894
1823
2780
9274
8993
2647
1675
2784
9853
8120
11106
15748
9889
1868
14048
2001
4579
2806
12452
14430
15229
6116
16746
11711
6180
455
2088
5180
8581
15296
15787
1168
1451
14136
5967
13491
5198
13173
2253
14351
6698
9406
6495
13761
108
8494
6015
11933
4675
522
5439
4014
918
14854
3162
3822
4846
721
7693
8696
7634
16077
708
5116
2157
7935
11080
4521
7630
8102
6815
4276
16520
10814
11676
1000
14896
6535
2166
15550
8586
4863
2496
8831
15400
15611
7690
415
10169
12637
7176
4674
14469
15711
15230
15353
1306
6541
4961
11771
2140
9295
8346
13596
6867
15813
6822
7422
4524
16348
11936
7392
7936
4827
15662
6859
11499
15666
4378
7720
2875
10738
960
15239
16665
9077
2937
13881
1546
4759
3609
3422
15185
13726
10647
798
6189
5551
14137
8088
11780
11247
14780
1971
11283
